$ANSIBLE_VAULT;1.1;AES256
33653365623130626639656139333161643464643366633734303639616665616234343232653664
3935646136336165623931613230653062303238373064320a303038316166616364373261663336
38633935373339313734353962353065636530396436393130383838383165633062656639393164
6434313565383735660a353732323135353634633334363038393763363163626430663563306238
38663738643062323166316564373235396565656136383066656162386332613031356132633364
34383765353364626331653265663361333565396161323037336332623638333631303534633939
33353964333437386139363162656536396665323139346431306462393263353866656331633862
32343765343136373332616164363837643962653736653163383161313430323462656535633061
33626233616636373333616333613462333064633361373662386535343765383464353130633865
61313464316562663332333530653034636236626161623238623963373761666139373232323239
63356234323233663739656562346361393035363439323333636266666330663535653664653135
61306632386532323066316636323661623634633838643962653930393438623832313634393634
37393633346331656437326261306264636438376537386464363061383239376261656131393333
31353537616138653062656532323335313834646130363662313931623364326236363863366662
31363464316535666630613763643939663264636133363331656164663536356465326235616332
35326266366639616635333130326333323438393966623366663537316162643132363938616434
36343761383861323561366265633733303736636566323565303838323435616561363463306232
66666435646438333338313339396136613134306336303463633731356436386466306563343731
62383733386263356131653431343831636539636136666236623335316664326337383865376138
35386163626532346536336536353739636262613130316464666139353531393964333230326365
38643361623539613932373334313434633462633836663538653265343134643931616230663063
65333466643561376539393530353236313266666532616337393364663661626361643235373431
31313631396337396165393339613030376165396237623764616261653035396432373365636530
37613937633631333262653530666266663035303963653336616637326635343565303562346537
38613730666464363939376663353035383432643861366630643833343539396438393031623964
30316637623062333334616564363031323762323637356264346564363239656535663562626264
64636136323037306131613233613830333332336631663839383230396531346163653339633732
33363131623830663864313538393536343034313466623161383839333732633134373534643234
32353937333132633266313261326631653462396437643763356165663835383937613332663438
61303231666533366237643237366639656633373230303839376366643639316336633730663663
35333137356337346438363431646565663861386666356263313735386365613937616264653161
65613866613661396564393530646639613563366265383236646362333537373637613637313134
37633034666138336364383963316133653034316235306437393539303538636662306238316262
65356361616264626134353466643438393835303736333835313539363031393438396537663363
36643731333339646133643833373938666130656534633838393531396131633466316135626334
62653136316266363338353566333035623332313537373832343163313865326461666261346430
64366630663562633934643139376664383463333736353166366433333130363730643837643664
31353665343461336266653264656434383861643061366435393464376566633634376637626638
35623631323030353435366662383638613166386638356337663331666661393533643633346638
30316464306430306437326563616563316234616366623231303461633832386465313065663166
32633536356234306364396530306338366266646633303561616533363232386430393937663432
32306433313166366438613831316235636563383563393632653831393336666463303461653137
36623030323434303963386539303536663530363965623532333861326534313166336430333965
34333336653134333134653363663338613139303937623537326237343133366664663637363633
31353965396532356232313763366263363162613430386434353335323831623462616639656639
37393832656537396334643133366165393866653931626234316164386632616131396562643132
64383233346461663332633035343732343563656531336231663235393334313932376538356161
63373662646233396230646264366566623861343335343839666364656237663831383365663935
31323261316561363334356465616633383632323762646361366435303366353565363964343764
36356336656430616137623362316263386335633632646238386539323461306334376364653036
63656262396333653137376534636365623564313565363765623733303831366262373062313964
38343236306664636135333164323665333932356231346131656164313539653133663036633130
32653534646163646339353965623632383331646430616461623433656662333461643739663066
33323435613761326537373665383531663231653135653032626161316339656232343330366536
66636131363063383363353663313630393864333865323039643534373934393632356231353738
31626633343135333065633862343538383465376262613930623333623666343863306338666364
31643664306236613261623734396236333865356235393635343566616439613931386538616665
30346636376461646161326163376661653130336464663635326262343064366131373539663765
33316463386561626466376131343863663665646462666365613463313861356364313138666131
65316635383537306132386666623030613265316537336364633433626633323563356435386530
63373732383834623038663534376534663636373739653266303532666265373737646133376435
66623733623936383631313065626436653539613166343166303465613833336338656462386263
65626461643637323638656138666465636566666635633262353934366362313765326236313837
65313333373863663136326162373439393533353637623431643062313537343861343633376162
62643362336166353738383763306566633166653132343762356563656466313163366135656563
34366565353735613261383762373461393938313638633933323032366464323532373162363239
37663235636563346435316565646230626561383439343035393338643462623664313465386336
62653265336665333431663463363564623532303136333164306334656263643534343266346162
38373532623663396533633135303335333935633938353037646136386636636430643363633663
38633536316434646132633463343762393933636365393830643863303032326261643666613534
65623236643736303134616536303938626333663434373734653132343138376438343330356632
31343366383234353732633264643231383263343339336637356631633961333239363137323230
61336237373063643361356438346663313563343430653932376238623663306463623863326336
61396132393139323538383536326461386135386633633566343165616333633930386265323332
65623831636563393933333538333461393230383936323434363332366134656466393661356465
66326266663765633536366230636533666532383937353761323064626433326364623031356236
63656131646138666463386565336538376433333739346162653338633938363639323134623334
61633533393163636232653337353034376434383637353731636364303663653135636432303562
37333339316132616231366233393833633939656265363134373831363336336362653938336334
34653131663433613662626261323765383664343938643139373161386162316362613338356362
63333166316230656631643538666266373336323565636131373031313761343061366638373534
39323337363737626363306230376564653039376237646334356165346337373130323762336663
36653661306662616139366564373936333932656664656537326130323164353136396232613932
38626666383636343832373065343430623962633965653037626630666266626631356365636230
34343939346661666232393534346666396134626530646463646664363539653365333761396461
38356266333462323037636138396535343965366530653536383032396266613232663132366637
36333132383230393935356165623035313062303138373239313962376364353930323465616664
30386337373033343137633831363865613334303934613366326464353865653863623235383563
62613333343239376632653334333732323233636333353732343431366431643462623438346165
30383461613165383334343539633964656362346436363664393161326232376266383764376238
61653330646636633737336132356530643735386365306438373738323130366666623131653137
39613565333937313335376530323366316436386130356139346639656365383764313931343636
61306630336432623564613361363564333163383664643564616463313238363165326630363935
34333237663138613863333637623033323637393062363938656563613539613433306235356431
63363231386435356532353839623436383639346634373366616463393565303930366139633237
39613839666262373832636365373537393861373632333935366665373765613364653338386662
65376239363536663439386664373532393436353761343339663461616161366238653633313863
61316131376164396436376132303463383033626631663565363362623962646534643462653435
61613164363438616536353133306631383566373866646438666233353535333032323031396238
32356162313538313464393764663835643339653434373730616439613933333632623733646234
35613135626338653532656661376665326430333833323232656566613133346231303135633162
30663963366439346230373539363763346161333238626461363630383062383430663761346435
62616166356138383839353931623164656230373565313837393234613665323563663661316263
31393333353130366439336236313430386136393336613334633831643463623335343034666635
37356638623139383332373864613364346564373332653938663734353366393762386466653762
30313139376232343665376439363739383632373663326135303438383731396631366337613832
37326434333366323630373335353330663634616539303730626435653963306261623532616430
61313934636366663130376665383539323664653132386162396463363034373336373832356130
38663635646536356130313464323362646361643439636531393333326563326461383161643432
34613637373731353736306532333766613030343636336434306530353766363565353762313337
35336361353832393035393536356238323331643538363132663363393434383536343865613164
32383339646337343630343163643561356465396638303030646365383132663437346166663632
64623633663430623062346631636566653766636464356662396363633934326530366137366236
66343135353364316432613565363233393965623637653265353839323033373533303266663934
61383866353138326437666536323630373061323562376336373465656434623965636631643262
62316666643634653566323265626430653534346435323338623862636264343036386461613238
62666436363239626566323133393739363130313134366264346430633666636131373563633462
63346563353065373164306438663130633336663637326338386534613561633432376365383666
30303464383638323534633539353739343766316131323834643236316335653832653966303463
63366334663534643962363730653736363431383337393265323966303765636262343766363262
61656131376535633763353038373638353635323861376338386366656531333866666438303064
61356437333464353562633462363263623537393539373636373534346366313237643237343135
64633239653535323733356238333861323563306230626234623333313262323266633636343561
37616565666361663135356532303562616133666134633031376161656365643130343037336534
65343734353437333936643565623338353337623632623933303162656333343837353261356436
62623366353765653365313966316634333762323638646433383138663162336235613763333934
63376633306163633230326630623762373938633834306565633462623964346536616334626630
39333565356432376234653463393462656464366163393737656237393561623834333164353163
39383133633437623861383635313362666434343936303763616231643863633137393232393436
66653861613436626333653733306639353438316665386531663233303738623664656631333931
64383165666139633833646365303538316663656331363763636232396436376264306363313532
62393562363733323438396262623139323065393434303630316434643762303964653434616635
30353836396136663037383737366330376139343063383630346263373334626331343932353138
62316135306639323865306165616438643638303665623733306131346436383331316430663166
62656531666337656231333163386466663934353937383234303261333835363836633832353834
36633333343034626435343133636665386430383666333938633835303337373965313136386431
66323164356530663432396262636336633334336166303062666333306161306232346237623630
63353463613637313732656538326133396132363565366263643633303737633835623165636533
62666530656562363135373134613634613932396535323034626135633064383636666537666337
32656664316161363766363066623235336235643263636262376333343035366161326464353032
33386565363664386166353766343733306336316635666138316634333833346230303630653938
31656630636134616439626363353262313266356535306633613566323039306431363366613061
34306437336265386434396530306332306132343937356139336662313438613436336338383236
34636434383635376132323766386361653138373135356339656639613534626665353562383039
65393166316435613139323233356633643830623730316133373431656161396532623733376439
38383037346666616139626238313931373666376430663836366235363661613831643365626638
64333864333537666565356564383965623136333964653934383837613361663836353564363438
38653030633230393238653162383264363439356130623536656239323030303033663166333861
33653830663239326538306666366333643765343231663665353731613033353531313866643132
37346465313335633134666331643635366536643536636538366133646335303163313165323639
39366233333534323938353365316432323766373862613532323137613333663634383761333338
63363365393766616130353631343136646161633665303530666563373537653938663034343037
37613663373735333736366239323861313363303265653738363330663530343935363462393063
64646335306162333934316262376536376366313039626363633036373631353534666461663865
65623133343137343262353630343066633733303438336239343863306333653163323030353864
61383163313936636431663533306135356332353031376134303562656333343263333836623863
66316236396366643337313666353234373439663937303538326364383639616639303566616236
65393835346231633936633235373366393033343737336461383730663363323730306263343631
34646434383036623133666639373432353632373339363239363531343663323639613634343463
65613137323239653232666533663033303464333835323035303631633531303332393264366566
36396637633364323630633133333935393138373139366235373033643666373435303763343464
31326461343330353139376664616135313261653763303366393665323034623238326166623536
30623738633166653133386630393539663330323135613435666264656364663138323261363764
36313039646266653865636165333830383165643339383135346335313832313636656533626535
39636366326632303162613038646134346364633566326333663730326634306335386237653664
33303730363935333862323036653535623866336462303466623939623662626363656130383732
63393062313531623736656362386133363332306136656434643836383665336665633936633565
34616238373830333538323664356536666631386333396566323734653066663732643865383031
31306637316138326461346433306366323836633633333534333632323235353030326631336539
64363034366234656564613363616564663961616166323635313763656532373931653539346161
62653932613937393833343862346164323939353532316334373431306537326561376137613030
61353738623565653236363135666634646539326131616162356361313830393435646564633234
38363563323762373465666464366261383636323265326439373362643165393335613563623139
37316437313839393566633066663833613633653364383839373936643361316237303534646232
36636330616235326434366138643037646336343836366266353035313034303134363737623861
63613731363834303638656232643631613731303231333236356336316137303362373965616462
66373765663131353437333166313036376237386332633530393131316163353833346537373638
39383230356637363839663633613532393836373137373961626264636537313536333061316530
65663132663230613864376334363461393832616330393663653237626437623964363461363966
63383838646634636163303030393230663266373333633663353063343763336331653831363630
61303835643233623639343332343731626238366433393936386437616139633262666366663630
35663038373261343532303532316364623037646137636236313833643961623364366466633832
64363031373466303764613064656338313237323961613262613466386361656662356335613863
35336164346433633332366564333963393964376561623739373832623564356565373865353032
33653233316434333766636536663836633432356131303062336235623534346433376230626634
61333163616134306462623132333631366630653365623337616531363263393137323834636136
32646638326338643439343738323365386263653862346534383434326630366537656635626339
38623433663832343333356166386435336339613238306162666530613562623933376132616431
63623363373065343331393266356330333837343566646464323435323266386333396566393763
30656634343435643938333930353465656230373830383134316233336633383266626462356364
32623037626534663233623434376264653665663630336566326666646634383531316334326337
34376332393563373337376131383366303531313966656363396166393934356564316661653862
62663833653431376566623538353464656333643966646639333737643565623837386233643634
66383532323839623063316639346431366461663165313066343064393834366135363834373663
35346330643435643631623461393039306438306665653835656130376635326231333361306165
64306235396464333264363662666335316430336466386562343266656231363862616639656234
30313563373765633535343937383461303966393932613564656236633861393662376637633238
31366566633865343032353133353566666564306230613734336233373161626562366266313233
33633530666166346634353539656339396165623064636236366266663636613263303663613466
37333361313833353838353163393266353438353263653938306365343061633865343866633164
32373032643238353763363964356439323230666539393062343535376538333730366165386232
66623564393638623163663864623537393830656230303234353565656261333638323766666261
33306632393838373464373338326561613564346139653461356636393034383161336365666236
64303433303631393637343462376464303365336638386364343030396363373738353231663763
36326132333638386562386464626136366463366334626636633137323331646531313734373262
37666439336331336663386461656461353662613239636333343230383637316662663435343839
64643564306634616134653835646539613430316135376638383831316562333436306236373362
31306233393439396336353937613737366239333236613833343063643662646438336134306466
33353664633738303865333038373135343561643461353764366634356139636261343438306132
66653337653433326464653334656430323935313263623461646430383564393363373435323639
64646164643061666664336661623531623831653631383635396634663662333037313430366439
66323931383830343630303439363437616566323437333830663034363837386138616531356164
38326161653866336566633164323638383534366431663134386234323434653337366538316430
38613136346362383933353266326438373436326239636530646230376333613464323763386339
64303065326433666266363636313531343434623362383161646634653538373337353133656331
38653937313965393462373264393832303965323932646461626262656464393734356633363864
62393865396635346436306166313962323438626630313964643334626631313162613332663161
33643234623063353735663531343638643636343537663837376131303664623337373831333739
37336164333533633031633234323133343239303439306536373836373464666436313437376264
31633436366134633538383861623866313234346662336530643538373865393239376262393066
62383330623130333233323736356461623032643437646566636130653737643330366338393034
39353833613966633461313739613137633231353932366434343537626666616365623665386536
39353362386239306430326563663066323634643262363239663234363666323438633231636333
65323338333563336632383731643435613739393462663065386531323363376164663134323130
32376234323834633832323038663131393330393463386538666166363137346535313732323036
62623365323333353066306330663761323037613631393237343136346434366166366236636663
33333937653763663939316163323537386565386435663231373436373065356434366566353631
39383931626139313431336332333736353836623763346366346531663139633438366561343963
37356563616338316431376361373933636165343363653064303666356364663965363236326136
62643334643063363035343135346237326563353134646634626434666631646633356564386338
62646233333731653162343262616134383935653837356337356463616236356363656638663837
37653132613832303330636461363337383731646166313466623133623131376433303531303462
66613063356466373336613030383461613231623531306136333963363430386462353138326337
32353064643762373461666665376665643336386335346336356535633336363035633266393031
33386361636239616238383137613533336533386234623964353539626334326531306334386264
64343762366332306536363266343336393938623634613361306633353838376265343739616563
33656165366166383562313636333265363163643135363531396332616137373633396230363833
32323639613738623665623063613161323434323561636365643763343038386661383035323435
34623966613630656234613732313665353762336131393765653435333239653230623066613333
61646534373732313432396339663334373833313933653330366336366362633763353833393338
39656434353336386164363136646335383730363632323766633863633866643565386664616133
61396131626338623266383161633862333838353763333863626139636465383435303438386337
66393763396664393832303635373239383331623030373465346239623734353365623436303639
39616433626237653962653361643230616537393230323762366535613936313434303335623737
33633437303364346638626633386164333032636661666337623366323134363762353864666539
33306661323234303365623361393530386364316339643565303430333262613738383037623163
33383530326237336365646262363537386138643939363664343663303963393763626666373731
32333338663039646237386530396565616536336332613930643764613033666332333930636465
37363464636661353939303437633035356633623866316264666334646663343730633933396134
35666562376266636336663739306635623539666161393433613139373161646333393731353364
31396138336336613738353733643339333635623934613563353138626263626435386133343762
38616263386134396464663065343866363738353364343238373234653766376533623361343830
62353461383766663830316136666662316330383630333235636338646335633562646238366463
32316333643838623962303335616566666265373032373461373839653365633334326164636364
63663765626163613034326139323034663832663939653538663235366331386166323532626666
37633365343030666336303266643166343935356166393265613235653732646534326139343639
35616635383666623635653739363864376433363532316339393263393737333062613930663965
31616535393631326637643866333434643565373134663332616166306130656231323862623763
37646230626437343137336336313466633032386338626133633463363538613433343861633135
32623537373462666662613538626464623532376337343239653835633062376335386163353539
62646135653330303337623739343532346261363663663934326537613337393164326236376166
62646565386131376230623335383266396230643930613934343664613766336565393135353631
61333064646131343635346665323565393539616363646334373765633164386136623032343530
31313233343338623933646462313732393962393265393638616339366364353262613837313761
34626163386466313839383762666263613365396238303962353137313761613464303466383438
36323362306265643838613233666463666163323037363764643930633362653030373736343564
64316565323631386466653465616638373136366536633638623666343931303238633832396335
66613363656366333766313165626463613739666338393231613463663432393964333830663766
39383737316566613035613433646238616337633232666434356439313336663034626539643433
31366462326463373530333961306433323430363837633531376136633063653661623366326237
39386438346630656137376464653737396633353365396432663434623162333266636165656633
38316538306263346339386564656631626439666136333031323862313766373032643433333161
31393638316466326666663834616430633331656633333462356138343939633531333439623365
30626631646132386334326265303438613039306332636130623137396165396661343032333466
30303232373335613839643564373530363536643235306435376337393765616633623334616539
35656131326133326163373136373638386461346331373239643765363831353136383235616537
38376461363332343935646366303264646134626339653238303964633264353364373163653765
62393135323263303733393432633534363731383333306634323436646137313565616161633234
38613535386333356635356263376565656134656535373261386264346336333634386638303538
33393838653634653835646632386435373132373838393338363130343236613763386164613233
62336265363634613266613738383438663835393430343638313863396439623338363935663930
34616161633362646533396231363034353638396435343439346261633132393633626466613166
62643965326336303237646539633233643231663361623936383735613534633466316266666139
66613961303366623430376164636437323332643461616164373766626365636133323436326263
34663332316331666137613039383966616564326236333061636539633166636237666232386637
64336566336334303863303030333336313634376262626331653562383039396331306637313266
34623538353466666235333230613531663930336333323662363132616438633663623834313235
63336334343834666266356138666339383366353764323863373436333035343263613764636666
35303233363439366562303735656338646538633934306266383731353837616338656432663466
31326566633134343538623339616236313436336431306332366436313332363735633333383632
65356139393430333635313938333633613832633463656664333565376536313831653634306433
62643863346663646636323262633161386265636537373032303437633466633463633536343932
61353866656530343438646438323738666261353731633838616337393135386233623562303132
63643162323037663435613964633862643737663836616163396435626464353266363164323666
65663230346233376365613732353263313431373531613464393632373837396236336335353362
35333736393139373930393736356565343131663837373562333931626336396535303639316361
37646466653232623861333835373365333038353366333563346339366333626333623838633930
38326131303839626338396334303630653031613433656535356364633230396337373930346466
633632353237336363316439366137346630
